N <- 271
num_stores <- 100
sales <- 
c(-1.26387686306551, 1.56449644208858, -12.1310283551798, 7.82760983066274, -11.8200541123432,
16.213150848436, 16.5015496506229, 7.40646615477153, -12.592794062648, -9.25542015374587, -12.6836840648081,
14.2701763827643, 2.86624588578559, 14.2942883839759, -3.4529162329938, 8.24426254708012, -5.89316299209564,
-14.1177125564616, -7.0468518240175, 3.285277551134, 7.96127984167814, -11.9704894099615, -17.8921661603432,
-2.60583433900379, 14.4142638177584, 6.97907726743928, -3.53737840162671, 12.0936561100166, 12.4774904787865,
-16.7511030792807, 4.31819467521607, 2.45608334254076, 17.7715593288803, 9.42516507057134, -13.2553901233855,
23.4221759238446, 24.230364624425, 7.03766140874113, 9.27845604971661, -11.5647589545446, 7.77988198575633,
3.91021981943894, 0.188919733865247, -10.2003200110032, -8.02396345061367, 0.238926045264762, -8.01829709970943,
-26.3458326323225, 14.5736794861791, 1.60167769963093, -5.17555853278409, -6.89342374478297, -1.88086878000264,
2.13947403747487, 2.1201228498525, 17.7373881690289, 5.76085245450806, -1.40171564660062, 4.31818689332765,
5.21219500691329, 0.534637795941094, -4.97347813371493, 2.42755618273819, 6.48791788287516, -13.3831901410578,
-10.3873986646241, 7.67996970323957, -6.4151910765841, -2.37661117423085, 1.70436642179222, 7.85530842964326,
14.5242517545092, -7.86553319001752, -2.22298460267925, -17.7100307553847, 2.87887202779371, -3.91689988776453,
-9.79896748060053, -9.28298117159254, 5.08455538421857, 3.8557518074903, -1.47779909585716, -2.82175680106518,
2.40431017484115, 8.48845311092788, 5.09000054310706, 1.00281637092428, -7.88158294012254, -8.92499593564411,
3.74589217999361, 8.46198923599598, 0.734254314172959, 14.8077977669443, -11.4601453529368, 5.42236706204622,
1.94488269063906, -14.015538208489, 16.5217485019364, 4.5096392544878, -7.92306106410282, 1.11145646839043,
7.01550944659143, -2.82446087612313, 10.9360988342832, 10.9310957817797, -16.0917756911922, 0.277121342104887,
13.2470153554245, 3.55408197206315, -6.12666509028413, 1.80008602967032, -6.91469881083265, 0.515042302901683,
-6.38494744578604, -6.33734253446568, -1.94165219046498, 10.3736625172396, -2.17919018784236, -0.362772094789325,
-10.5528622673028, -16.8524397082586, -6.3221840281795, -10.8744246430983, -10.5684846526653, 11.5280811780329,
3.10485032454987, -2.28249266341165, 9.46923192903161, -1.7261123968455, -18.0673601839866, 9.83031963082016,
6.7300819875918, -18.3078068445988, 3.4159430635408, 15.162312589517, 1.42354998988782, -6.8791335385331,
21.6697681380054, 5.68812279620547, 15.3933087141122, -0.950809911651355, -4.2856746181525, 4.46641845183273,
16.2569321952369, -2.727390859423, 3.16123144199248, -1.97594472908798, -25.7061979822226, 16.8862311536838,
-19.491980712153, -5.4746135982659, 2.74244942259246, -1.62605673338118, 1.8696078965545, 13.8163432174498,
-3.2229306024991, -2.59460593898088, 14.0284483337156, 7.56562020806432, -1.8932380824662, 24.2431512832256,
17.9263023869258, 0.779370958331292, 1.3491280865773, 1.7215529043556, -6.73787249563295, 4.73333489255448,
-10.1311116460463, -0.349638719050116, -0.425457998795473, 14.890995984185, -0.460263048399546, -2.61886197424709,
4.40855727753587, 4.0182349436298, -1.27140355054486, -12.4265583946529, -2.18454992911479, -1.24550639394079,
16.4978830614678, 5.10944711961191, -0.974421453889051, 7.48031872989154, -0.82333701947122, 6.76408642064241,
2.22085846260618, 12.6812746778892, -4.30663429346421, -11.3764425255374, -13.7986497255527, -0.414355069733381,
-10.241450044917, -1.43193462013486, 6.44546283284208, 8.88920916815428, 24.2650356877868, -1.23863155182236,
0.753055153917708, -5.07776488968177, 14.3750015737163, 11.8868362778288, -1.07848529908527, -5.08417183295132,
-10.4798883139651, -0.597075862905299, 11.8341117394655, 23.5728059003712, 3.05415671537084, -4.68021245820912,
-14.667094739821, -1.94807203583472, -13.0698155424311, 1.10586303399159, -17.9093017721224, -1.03447409120309,
-15.2528191909167, -4.68135282775573, 2.01527114412078, 5.87815450149043, -4.2340778614985, -8.75935252328646,
-0.133192818283982, 0.80744839735565, -7.43313173696624, -0.81005722339231, 3.8194008010072, -13.9766686593257,
10.6867677720067, -4.55303092308922, -4.07645235060639, -3.50300343896671, -17.2650195320443, 9.25313822589368,
11.3970447842966, -8.67435409861004, 1.63299272036218, -0.16062874065631, 15.3880548410868, 8.08930764236635,
-28.2233510580831, 6.42985729269282, -3.88405427217433, -0.0537198369903821, -1.12520134161681, 3.15509377656813,
19.1352524707053, -17.1914272509068, -3.10004489708812, 1.45445649374442, -4.9880236094909, 4.35646505476248,
-11.8750626685693, -6.28159043595851, -0.529451140463075, 10.9880859270869, -3.8927396735296, 8.73579210999353,
-11.6109265176349, 15.9436258781753, 1.92006075458193, -10.513155371334, -2.87045497840083, -9.71196795568638,
-26.0390689994915, -6.62905134777375, 8.87578396864729, 1.24501063736039, -0.0200093023234608, 17.4141506526769,
-18.7553111445778, 8.4350311025068)
store_id <- 
c(1, 2, 2, 2, 2, 3, 3, 3, 3, 4, 4, 4, 4, 5, 5, 5, 5, 5, 6, 6, 6, 6, 7, 8, 8, 9, 9, 9, 9, 10, 10, 10,
11, 11, 11, 11, 12, 12, 12, 13, 13, 14, 14, 14, 14, 14, 15, 15, 16, 16, 16, 16, 16, 17, 17, 18, 18, 19, 20, 20, 21,
21, 22, 22, 23, 24, 25, 25, 26, 26, 26, 26, 26, 27, 27, 27, 28, 28, 28, 28, 28, 29, 29, 29, 29, 29, 30, 31, 31, 31,
32, 32, 33, 33, 34, 34, 34, 35, 36, 36, 36, 36, 37, 37, 38, 38, 39, 39, 39, 39, 39, 40, 40, 40, 40, 40, 41, 41, 41,
42, 42, 42, 42, 43, 43, 44, 44, 44, 44, 45, 45, 46, 46, 46, 47, 47, 47, 47, 48, 48, 48, 49, 49, 50, 50, 50, 50, 51,
52, 52, 53, 53, 53, 53, 54, 54, 54, 55, 56, 56, 56, 57, 57, 57, 58, 58, 58, 58, 59, 60, 60, 60, 60, 60, 61, 61, 61,
61, 61, 62, 63, 63, 64, 65, 65, 66, 66, 66, 66, 67, 67, 68, 68, 68, 69, 70, 70, 70, 71, 72, 72, 72, 72, 72, 73, 74,
74, 74, 74, 75, 76, 76, 76, 77, 77, 78, 79, 79, 80, 80, 80, 80, 81, 81, 81, 81, 81, 82, 82, 82, 83, 84, 84, 84, 85,
86, 86, 86, 86, 86, 87, 87, 88, 88, 89, 90, 90, 90, 90, 90, 91, 92, 92, 92, 92, 92, 93, 94, 95, 96, 96, 96, 97, 97,
98, 99, 99, 100, 100, 100, 100)
